1  0.0674  0.0674
2  0.1142  0.1815
3  0.0668  0.2484
4  0.0429  0.2913
5  0.0302  0.3215
6  0.0223  0.3438
7  0.0194  0.3632
8  0.0161  0.3793
9  0.0135  0.3927
10  0.0129  0.4056
11  0.0115  0.4171
12  0.0103  0.4274
13  0.0094  0.4369
14  0.0086  0.4455
15  0.0083  0.4539
16  0.0082  0.4621
17  0.0085  0.4706
18  0.0073  0.4779
19  0.0073  0.4852
20  0.0075  0.4928
21  0.0067  0.4995
22  0.0071  0.5066
23  0.0068  0.5134
24  0.0065  0.5199
25  0.0069  0.5268
26  0.0066  0.5334
27  0.0062  0.5396
28  0.0067  0.5463
29  0.0063  0.5526
30  0.0062  0.5588
31  0.0058  0.5646
32  0.0055  0.5700
33  0.0057  0.5757
34  0.0059  0.5816
35  0.0063  0.5880
36  0.0059  0.5939
37  0.0058  0.5997
38  0.0061  0.6058
39  0.0065  0.6124
40  0.0062  0.6186
41  0.0062  0.6247
42  0.0062  0.6309
43  0.0062  0.6371
44  0.0064  0.6435
45  0.0070  0.6505
46  0.0067  0.6572
47  0.0066  0.6638
48  0.0080  0.6718
49  0.0078  0.6797
50  0.0075  0.6871
51  0.0079  0.6950
52  0.0087  0.7037
53  0.0091  0.7128
54  0.0101  0.7230
55  0.0102  0.7332
56  0.0127  0.7459
57  0.0150  0.7609
58  0.0166  0.7775
59  0.0237  0.8012
60  0.0298  0.8311
61  0.0475  0.8786
62  0.0732  0.9518
63  0.0480  0.9998
64  0.0002  1.0000
