1  0.0652  0.0652
2  0.0929  0.1581
3  0.0585  0.2166
4  0.0368  0.2534
5  0.0267  0.2801
6  0.0220  0.3022
7  0.0182  0.3203
8  0.0148  0.3352
9  0.0129  0.3481
10  0.0125  0.3606
11  0.0108  0.3714
12  0.0103  0.3817
13  0.0108  0.3924
14  0.0095  0.4019
15  0.0086  0.4106
16  0.0082  0.4188
17  0.0081  0.4269
18  0.0078  0.4347
19  0.0070  0.4417
20  0.0068  0.4485
21  0.0074  0.4559
22  0.0075  0.4633
23  0.0067  0.4701
24  0.0065  0.4765
25  0.0068  0.4834
26  0.0070  0.4904
27  0.0060  0.4964
28  0.0066  0.5030
29  0.0065  0.5095
30  0.0061  0.5156
31  0.0062  0.5218
32  0.0065  0.5283
33  0.0059  0.5342
34  0.0062  0.5404
35  0.0058  0.5462
36  0.0060  0.5522
37  0.0060  0.5582
38  0.0059  0.5640
39  0.0060  0.5700
40  0.0051  0.5751
41  0.0061  0.5811
42  0.0063  0.5875
43  0.0062  0.5937
44  0.0062  0.5998
45  0.0057  0.6056
46  0.0064  0.6119
47  0.0063  0.6182
48  0.0063  0.6245
49  0.0060  0.6305
50  0.0067  0.6372
51  0.0066  0.6438
52  0.0068  0.6505
53  0.0068  0.6573
54  0.0065  0.6638
55  0.0073  0.6712
56  0.0071  0.6782
57  0.0073  0.6856
58  0.0078  0.6934
59  0.0082  0.7016
60  0.0091  0.7108
61  0.0097  0.7205
62  0.0101  0.7307
63  0.0119  0.7426
64  0.0124  0.7549
65  0.0136  0.7686
66  0.0173  0.7859
67  0.0216  0.8074
68  0.0294  0.8368
69  0.0444  0.8812
70  0.0704  0.9516
71  0.0482  0.9998
72  0.0002  1.0000
