1  0.0632  0.0632
2  0.1369  0.2001
3  0.0834  0.2834
4  0.0504  0.3339
5  0.0357  0.3696
6  0.0284  0.3980
7  0.0210  0.4190
8  0.0162  0.4352
9  0.0142  0.4494
10  0.0114  0.4608
11  0.0102  0.4710
12  0.0100  0.4810
13  0.0086  0.4896
14  0.0085  0.4980
15  0.0080  0.5060
16  0.0067  0.5127
17  0.0071  0.5198
18  0.0058  0.5256
19  0.0070  0.5326
20  0.0068  0.5393
21  0.0062  0.5456
22  0.0060  0.5516
23  0.0056  0.5573
24  0.0060  0.5633
25  0.0057  0.5690
26  0.0061  0.5751
27  0.0058  0.5809
28  0.0056  0.5865
29  0.0053  0.5918
30  0.0055  0.5973
31  0.0057  0.6030
32  0.0053  0.6083
33  0.0051  0.6135
34  0.0057  0.6191
35  0.0065  0.6256
36  0.0056  0.6312
37  0.0060  0.6372
38  0.0060  0.6432
39  0.0068  0.6501
40  0.0062  0.6563
41  0.0067  0.6630
42  0.0066  0.6696
43  0.0075  0.6771
44  0.0076  0.6847
45  0.0082  0.6929
46  0.0093  0.7022
47  0.0109  0.7131
48  0.0121  0.7252
49  0.0145  0.7397
50  0.0187  0.7584
51  0.0256  0.7841
52  0.0364  0.8204
53  0.0540  0.8744
54  0.0818  0.9562
55  0.0437  0.9999
56  0.0001  1.0000
