1  0.0981  0.0981
2  0.1744  0.2726
3  0.1095  0.3821
4  0.0617  0.4438
5  0.0388  0.4825
6  0.0278  0.5104
7  0.0211  0.5315
8  0.0174  0.5489
9  0.0136  0.5625
10  0.0113  0.5739
11  0.0104  0.5843
12  0.0097  0.5941
13  0.0088  0.6029
14  0.0069  0.6098
15  0.0070  0.6167
16  0.0062  0.6229
17  0.0064  0.6294
18  0.0059  0.6352
19  0.0059  0.6412
20  0.0059  0.6471
21  0.0061  0.6532
22  0.0050  0.6582
23  0.0060  0.6642
24  0.0056  0.6698
25  0.0059  0.6757
26  0.0059  0.6816
27  0.0069  0.6885
28  0.0071  0.6956
29  0.0075  0.7031
30  0.0084  0.7114
31  0.0100  0.7215
32  0.0110  0.7325
33  0.0126  0.7451
34  0.0177  0.7628
35  0.0233  0.7861
36  0.0330  0.8190
37  0.0549  0.8739
38  0.0773  0.9513
39  0.0481  0.9994
40  0.0006  1.0000
