1  0.1011  0.1011
2  0.1215  0.2227
3  0.0779  0.3005
4  0.0494  0.3499
5  0.0334  0.3833
6  0.0266  0.4100
7  0.0193  0.4293
8  0.0159  0.4452
9  0.0148  0.4600
10  0.0135  0.4735
11  0.0115  0.4850
12  0.0109  0.4959
13  0.0102  0.5061
14  0.0093  0.5155
15  0.0083  0.5238
16  0.0082  0.5320
17  0.0077  0.5397
18  0.0086  0.5484
19  0.0083  0.5567
20  0.0071  0.5638
21  0.0066  0.5704
22  0.0066  0.5770
23  0.0062  0.5833
24  0.0070  0.5903
25  0.0067  0.5969
26  0.0059  0.6029
27  0.0070  0.6099
28  0.0064  0.6163
29  0.0064  0.6227
30  0.0073  0.6300
31  0.0068  0.6368
32  0.0074  0.6441
33  0.0071  0.6513
34  0.0075  0.6587
35  0.0084  0.6671
36  0.0090  0.6762
37  0.0093  0.6855
38  0.0116  0.6971
39  0.0126  0.7097
40  0.0127  0.7224
41  0.0143  0.7368
42  0.0185  0.7553
43  0.0255  0.7808
44  0.0327  0.8135
45  0.0482  0.8617
46  0.0746  0.9363
47  0.0629  0.9992
48  0.0008  1.0000
