1  0.0777  0.0777
2  0.0663  0.1440
3  0.0398  0.1838
4  0.0290  0.2128
5  0.0223  0.2351
6  0.0175  0.2526
7  0.0155  0.2681
8  0.0141  0.2823
9  0.0130  0.2952
10  0.0123  0.3075
11  0.0103  0.3178
12  0.0099  0.3277
13  0.0100  0.3377
14  0.0090  0.3466
15  0.0091  0.3557
16  0.0085  0.3642
17  0.0079  0.3721
18  0.0082  0.3804
19  0.0085  0.3888
20  0.0080  0.3969
21  0.0083  0.4051
22  0.0079  0.4130
23  0.0076  0.4207
24  0.0072  0.4279
25  0.0069  0.4347
26  0.0072  0.4420
27  0.0077  0.4497
28  0.0074  0.4571
29  0.0065  0.4636
30  0.0069  0.4706
31  0.0075  0.4781
32  0.0068  0.4849
33  0.0069  0.4918
34  0.0070  0.4988
35  0.0071  0.5059
36  0.0069  0.5129
37  0.0070  0.5199
38  0.0062  0.5261
39  0.0062  0.5323
40  0.0069  0.5392
41  0.0063  0.5455
42  0.0069  0.5525
43  0.0066  0.5591
44  0.0066  0.5656
45  0.0066  0.5722
46  0.0067  0.5789
47  0.0069  0.5858
48  0.0068  0.5926
49  0.0069  0.5995
50  0.0069  0.6064
51  0.0073  0.6137
52  0.0068  0.6205
53  0.0070  0.6275
54  0.0066  0.6340
55  0.0074  0.6415
56  0.0076  0.6491
57  0.0079  0.6570
58  0.0070  0.6640
59  0.0071  0.6711
60  0.0076  0.6786
61  0.0079  0.6865
62  0.0072  0.6937
63  0.0082  0.7019
64  0.0081  0.7100
65  0.0085  0.7185
66  0.0084  0.7269
67  0.0092  0.7361
68  0.0084  0.7445
69  0.0099  0.7544
70  0.0101  0.7645
71  0.0109  0.7754
72  0.0122  0.7876
73  0.0132  0.8008
74  0.0163  0.8171
75  0.0179  0.8350
76  0.0224  0.8574
77  0.0330  0.8904
78  0.0523  0.9427
79  0.0566  0.9993
80  0.0007  1.0000
